Mach Virtual Memory Statistics: (page size of 4096 bytes)
    free   active   specul inactive throttle    wired  prgable   faults     copy    0fill reactive   purged file-backed anonymous cmprssed cmprssor  dcomprs   comprs  pageins  pageout  swapins swapouts
   24192   424548     4771   418236        0   621208     4161 1637029K 18225025  753768K  270244K  6234906      244625    602930  2693312   603559  363132K  423868K 56013810  2013199  307366K  312292K 
   17250   427155     4863   421276        0   621395     4161    29875     2435    13728        0        0      244755    608539  2691733   604261     1566        0      124        0     1214        0 
   12943   429138     4833   422826        0   621313     4225    18065     1142     8466        0       60      244833    611964  2691183   605305      549        0       87        0     1215        0 
    8914   430674     4843   424478        0   621317     4225    10734      894     4309        2        0      244844    615151  2690528   606151      655        0        0        0      958        0 
    4427   428048      932   425692        0   621545     4011    56906     3989    27395    47622      118      241020    613652  2707123   615654     3212    19891     1364      598     4258        0 
    3816   426072     1291   423518        0   621697     3896    11390      631     3145     6182        4      241616    609265  2711803   619903     1362     6094      216        0     2619        0 
    3795   424531      446   422818        0   621666     3015     8230      558     2272    17383        2      240348    607447  2713076   623130     2017     3297       16      192     2352        0 
    3893   424560      458   422519        0   621537     3036     4537      367     1280     3910       12      240331    607206  2712914   623340      734      577       27       11       64        0 
